solid v3d.csg
  facet normal 0.8506508084000001 -0.5257311121000000 0.0000000000000000
    outer loop
      vertex 6.1803398875000010 -6.1803398875000010 -6.1803398875000010
      vertex 6.1803398875000010 -6.1803398875000010 6.1803398875000010
      vertex 3.8196601125000003 -10.0000000000000000 0.0000000000000000
    endloop
  endfacet
  facet normal 0.0000000000000000 -0.8506508084000001 0.5257311121000000
    outer loop
      vertex -3.8196601125000003 -10.0000000000000000 0.0000000000000000
      vertex 0.0000000000000000 -3.8196601125000003 10.0000000000000000
      vertex -6.1803398875000010 -6.1803398875000010 6.1803398875000010
    endloop
  endfacet
  facet normal -0.8506508084000001 -0.5257311121000000 0.0000000000000000
    outer loop
      vertex -10.0000000000000000 0.0000000000000000 -3.8196601125000003
      vertex -6.1803398875000010 -6.1803398875000010 6.1803398875000010
      vertex -10.0000000000000000 0.0000000000000000 3.8196601125000003
    endloop
  endfacet
  facet normal 0.5257311121000000 0.0000000000000000 0.8506508084000001
    outer loop
      vertex 0.0000000000000000 3.8196601125000003 10.0000000000000000
      vertex 10.0000000000000000 0.0000000000000000 3.8196601125000003
      vertex 6.1803398875000010 6.1803398875000010 6.1803398875000010
    endloop
  endfacet
  facet normal 0.0000000000000000 -0.8506508084000001 -0.5257311121000000
    outer loop
      vertex 0.0000000000000000 -3.8196601125000003 -10.0000000000000000
      vertex -3.8196601125000003 -10.0000000000000000 0.0000000000000000
      vertex -6.1803398875000010 -6.1803398875000010 -6.1803398875000010
    endloop
  endfacet
  facet normal -0.5257311121000000 0.0000000000000000 -0.8506508084000001
    outer loop
      vertex 0.0000000000000000 -3.8196601125000003 -10.0000000000000000
      vertex -6.1803398875000010 6.1803398875000010 -6.1803398875000010
      vertex 0.0000000000000000 3.8196601125000003 -10.0000000000000000
    endloop
  endfacet
  facet normal 0.0000000000000000 0.8506508084000001 -0.5257311121000000
    outer loop
      vertex 6.1803398875000010 6.1803398875000010 -6.1803398875000010
      vertex -3.8196601125000003 10.0000000000000000 0.0000000000000000
      vertex 3.8196601125000003 10.0000000000000000 0.0000000000000000
    endloop
  endfacet
  facet normal 0.8506508084000001 0.5257311121000000 0.0000000000000000
    outer loop
      vertex 6.1803398875000010 6.1803398875000010 -6.1803398875000010
      vertex 10.0000000000000000 0.0000000000000000 3.8196601125000003
      vertex 10.0000000000000000 0.0000000000000000 -3.8196601125000003
    endloop
  endfacet
  facet normal 0.5257311121000000 0.0000000000000000 -0.8506508084000001
    outer loop
      vertex 6.1803398875000010 6.1803398875000010 -6.1803398875000010
      vertex 0.0000000000000000 -3.8196601125000003 -10.0000000000000000
      vertex 0.0000000000000000 3.8196601125000003 -10.0000000000000000
    endloop
  endfacet
  facet normal -0.5257311121000000 0.0000000000000000 0.8506508084000001
    outer loop
      vertex -6.1803398875000010 6.1803398875000010 6.1803398875000010
      vertex 0.0000000000000000 -3.8196601125000003 10.0000000000000000
      vertex 0.0000000000000000 3.8196601125000003 10.0000000000000000
    endloop
  endfacet
  facet normal 0.0000000000000000 0.8506508084000001 0.5257311121000000
    outer loop
      vertex -6.1803398875000010 6.1803398875000010 6.1803398875000010
      vertex 3.8196601125000003 10.0000000000000000 0.0000000000000000
      vertex -3.8196601125000003 10.0000000000000000 0.0000000000000000
    endloop
  endfacet
  facet normal -0.8506508084000001 0.5257311121000000 0.0000000000000000
    outer loop
      vertex -6.1803398875000010 6.1803398875000010 6.1803398875000010
      vertex -10.0000000000000000 0.0000000000000000 -3.8196601125000003
      vertex -10.0000000000000000 0.0000000000000000 3.8196601125000003
    endloop
  endfacet
  facet normal 0.8506508084000001 -0.5257311121000000 0.0000000000000000
    outer loop
      vertex 6.1803398875000010 -6.1803398875000010 -6.1803398875000010
      vertex 10.0000000000000000 0.0000000000000000 -3.8196601125000003
      vertex 10.0000000000000000 0.0000000000000000 3.8196601125000003
    endloop
  endfacet
  facet normal 0.8506508084000001 -0.5257311121000000 0.0000000000000000
    outer loop
      vertex 6.1803398875000010 -6.1803398875000010 -6.1803398875000010
      vertex 10.0000000000000000 0.0000000000000000 3.8196601125000003
      vertex 6.1803398875000010 -6.1803398875000010 6.1803398875000010
    endloop
  endfacet
  facet normal 0.0000000000000000 -0.8506508084000001 0.5257311121000000
    outer loop
      vertex -3.8196601125000003 -10.0000000000000000 0.0000000000000000
      vertex 3.8196601125000003 -10.0000000000000000 0.0000000000000000
      vertex 6.1803398875000010 -6.1803398875000010 6.1803398875000010
    endloop
  endfacet
  facet normal 0.0000000000000000 -0.8506508084000001 0.5257311121000000
    outer loop
      vertex -3.8196601125000003 -10.0000000000000000 0.0000000000000000
      vertex 6.1803398875000010 -6.1803398875000010 6.1803398875000010
      vertex 0.0000000000000000 -3.8196601125000003 10.0000000000000000
    endloop
  endfacet
  facet normal -0.8506508084000001 -0.5257311121000000 0.0000000000000000
    outer loop
      vertex -10.0000000000000000 0.0000000000000000 -3.8196601125000003
      vertex -6.1803398875000010 -6.1803398875000010 -6.1803398875000010
      vertex -3.8196601125000003 -10.0000000000000000 0.0000000000000000
    endloop
  endfacet
  facet normal -0.8506508084000001 -0.5257311121000000 0.0000000000000000
    outer loop
      vertex -10.0000000000000000 0.0000000000000000 -3.8196601125000003
      vertex -3.8196601125000003 -10.0000000000000000 0.0000000000000000
      vertex -6.1803398875000010 -6.1803398875000010 6.1803398875000010
    endloop
  endfacet
  facet normal 0.5257311121000000 0.0000000000000000 0.8506508084000001
    outer loop
      vertex 0.0000000000000000 3.8196601125000003 10.0000000000000000
      vertex 0.0000000000000000 -3.8196601125000003 10.0000000000000000
      vertex 6.1803398875000010 -6.1803398875000010 6.1803398875000010
    endloop
  endfacet
  facet normal 0.5257311121000000 0.0000000000000000 0.8506508084000001
    outer loop
      vertex 0.0000000000000000 3.8196601125000003 10.0000000000000000
      vertex 6.1803398875000010 -6.1803398875000010 6.1803398875000010
      vertex 10.0000000000000000 0.0000000000000000 3.8196601125000003
    endloop
  endfacet
  facet normal 0.0000000000000000 -0.8506508084000001 -0.5257311121000000
    outer loop
      vertex 0.0000000000000000 -3.8196601125000003 -10.0000000000000000
      vertex 6.1803398875000010 -6.1803398875000010 -6.1803398875000010
      vertex 3.8196601125000003 -10.0000000000000000 0.0000000000000000
    endloop
  endfacet
  facet normal 0.0000000000000000 -0.8506508084000001 -0.5257311121000000
    outer loop
      vertex 0.0000000000000000 -3.8196601125000003 -10.0000000000000000
      vertex 3.8196601125000003 -10.0000000000000000 0.0000000000000000
      vertex -3.8196601125000003 -10.0000000000000000 0.0000000000000000
    endloop
  endfacet
  facet normal -0.5257311121000000 0.0000000000000000 -0.8506508084000001
    outer loop
      vertex 0.0000000000000000 -3.8196601125000003 -10.0000000000000000
      vertex -6.1803398875000010 -6.1803398875000010 -6.1803398875000010
      vertex -10.0000000000000000 0.0000000000000000 -3.8196601125000003
    endloop
  endfacet
  facet normal -0.5257311121000000 0.0000000000000000 -0.8506508084000001
    outer loop
      vertex 0.0000000000000000 -3.8196601125000003 -10.0000000000000000
      vertex -10.0000000000000000 0.0000000000000000 -3.8196601125000003
      vertex -6.1803398875000010 6.1803398875000010 -6.1803398875000010
    endloop
  endfacet
  facet normal 0.0000000000000000 0.8506508084000001 -0.5257311121000000
    outer loop
      vertex 6.1803398875000010 6.1803398875000010 -6.1803398875000010
      vertex 0.0000000000000000 3.8196601125000003 -10.0000000000000000
      vertex -6.1803398875000010 6.1803398875000010 -6.1803398875000010
    endloop
  endfacet
  facet normal 0.0000000000000000 0.8506508084000001 -0.5257311121000000
    outer loop
      vertex 6.1803398875000010 6.1803398875000010 -6.1803398875000010
      vertex -6.1803398875000010 6.1803398875000010 -6.1803398875000010
      vertex -3.8196601125000003 10.0000000000000000 0.0000000000000000
    endloop
  endfacet
  facet normal 0.8506508084000001 0.5257311121000000 0.0000000000000000
    outer loop
      vertex 6.1803398875000010 6.1803398875000010 -6.1803398875000010
      vertex 3.8196601125000003 10.0000000000000000 0.0000000000000000
      vertex 6.1803398875000010 6.1803398875000010 6.1803398875000010
    endloop
  endfacet
  facet normal 0.8506508084000001 0.5257311121000000 0.0000000000000000
    outer loop
      vertex 6.1803398875000010 6.1803398875000010 -6.1803398875000010
      vertex 6.1803398875000010 6.1803398875000010 6.1803398875000010
      vertex 10.0000000000000000 0.0000000000000000 3.8196601125000003
    endloop
  endfacet
  facet normal 0.5257311121000000 0.0000000000000000 -0.8506508084000001
    outer loop
      vertex 6.1803398875000010 6.1803398875000010 -6.1803398875000010
      vertex 10.0000000000000000 0.0000000000000000 -3.8196601125000003
      vertex 6.1803398875000010 -6.1803398875000010 -6.1803398875000010
    endloop
  endfacet
  facet normal 0.5257311121000000 0.0000000000000000 -0.8506508084000001
    outer loop
      vertex 6.1803398875000010 6.1803398875000010 -6.1803398875000010
      vertex 6.1803398875000010 -6.1803398875000010 -6.1803398875000010
      vertex 0.0000000000000000 -3.8196601125000003 -10.0000000000000000
    endloop
  endfacet
  facet normal -0.5257311121000000 0.0000000000000000 0.8506508084000001
    outer loop
      vertex -6.1803398875000010 6.1803398875000010 6.1803398875000010
      vertex -10.0000000000000000 0.0000000000000000 3.8196601125000003
      vertex -6.1803398875000010 -6.1803398875000010 6.1803398875000010
    endloop
  endfacet
  facet normal -0.5257311121000000 0.0000000000000000 0.8506508084000001
    outer loop
      vertex -6.1803398875000010 6.1803398875000010 6.1803398875000010
      vertex -6.1803398875000010 -6.1803398875000010 6.1803398875000010
      vertex 0.0000000000000000 -3.8196601125000003 10.0000000000000000
    endloop
  endfacet
  facet normal 0.0000000000000000 0.8506508084000001 0.5257311121000000
    outer loop
      vertex -6.1803398875000010 6.1803398875000010 6.1803398875000010
      vertex 0.0000000000000000 3.8196601125000003 10.0000000000000000
      vertex 6.1803398875000010 6.1803398875000010 6.1803398875000010
    endloop
  endfacet
  facet normal 0.0000000000000000 0.8506508084000001 0.5257311121000000
    outer loop
      vertex -6.1803398875000010 6.1803398875000010 6.1803398875000010
      vertex 6.1803398875000010 6.1803398875000010 6.1803398875000010
      vertex 3.8196601125000003 10.0000000000000000 0.0000000000000000
    endloop
  endfacet
  facet normal -0.8506508084000001 0.5257311121000000 0.0000000000000000
    outer loop
      vertex -6.1803398875000010 6.1803398875000010 6.1803398875000010
      vertex -3.8196601125000003 10.0000000000000000 0.0000000000000000
      vertex -6.1803398875000010 6.1803398875000010 -6.1803398875000010
    endloop
  endfacet
  facet normal -0.8506508084000001 0.5257311121000000 0.0000000000000000
    outer loop
      vertex -6.1803398875000010 6.1803398875000010 6.1803398875000010
      vertex -6.1803398875000010 6.1803398875000010 -6.1803398875000010
      vertex -10.0000000000000000 0.0000000000000000 -3.8196601125000003
    endloop
  endfacet
endsolid v3d.csg
