solid v3d.csg
  facet normal 0.8506508083520398 -0.5257311121191338 0.0
    outer loop
      vertex 6.180339887498949 -6.180339887498949 -6.180339887498949
      vertex 6.180339887498949 -6.180339887498949 6.180339887498949
      vertex 3.8196601125010514 -10.000000000000002 0.0
    endloop
  endfacet
  facet normal 0.0 -0.8506508083520398 0.5257311121191338
    outer loop
      vertex -3.8196601125010514 -10.000000000000002 0.0
      vertex 0.0 -3.8196601125010514 10.000000000000002
      vertex -6.180339887498949 -6.180339887498949 6.180339887498949
    endloop
  endfacet
  facet normal -0.8506508083520397 -0.5257311121191341 0.0
    outer loop
      vertex -10.000000000000002 0.0 -3.8196601125010514
      vertex -6.180339887498949 -6.180339887498949 6.180339887498949
      vertex -10.000000000000002 0.0 3.8196601125010514
    endloop
  endfacet
  facet normal 0.5257311121191338 0.0 0.8506508083520398
    outer loop
      vertex 0.0 3.8196601125010514 10.000000000000002
      vertex 10.000000000000002 0.0 3.8196601125010514
      vertex 6.180339887498949 6.180339887498949 6.180339887498949
    endloop
  endfacet
  facet normal 0.0 -0.8506508083520398 -0.5257311121191339
    outer loop
      vertex 0.0 -3.8196601125010514 -10.000000000000002
      vertex -3.8196601125010514 -10.000000000000002 0.0
      vertex -6.180339887498949 -6.180339887498949 -6.180339887498949
    endloop
  endfacet
  facet normal -0.5257311121191341 0.0 -0.8506508083520397
    outer loop
      vertex 0.0 -3.8196601125010514 -10.000000000000002
      vertex -6.180339887498949 6.180339887498949 -6.180339887498949
      vertex 0.0 3.8196601125010514 -10.000000000000002
    endloop
  endfacet
  facet normal 0.0 0.8506508083520398 -0.525731112119134
    outer loop
      vertex 6.180339887498949 6.180339887498949 -6.180339887498949
      vertex -3.8196601125010514 10.000000000000002 0.0
      vertex 3.8196601125010514 10.000000000000002 0.0
    endloop
  endfacet
  facet normal 0.8506508083520398 0.525731112119134 0.0
    outer loop
      vertex 6.180339887498949 6.180339887498949 -6.180339887498949
      vertex 10.000000000000002 0.0 3.8196601125010514
      vertex 10.000000000000002 0.0 -3.8196601125010514
    endloop
  endfacet
  facet normal 0.525731112119134 0.0 -0.8506508083520398
    outer loop
      vertex 6.180339887498949 6.180339887498949 -6.180339887498949
      vertex 0.0 -3.8196601125010514 -10.000000000000002
      vertex 0.0 3.8196601125010514 -10.000000000000002
    endloop
  endfacet
  facet normal -0.525731112119134 0.0 0.8506508083520398
    outer loop
      vertex -6.180339887498949 6.180339887498949 6.180339887498949
      vertex 0.0 -3.8196601125010514 10.000000000000002
      vertex 0.0 3.8196601125010514 10.000000000000002
    endloop
  endfacet
  facet normal 0.0 0.8506508083520398 0.525731112119134
    outer loop
      vertex -6.180339887498949 6.180339887498949 6.180339887498949
      vertex 3.8196601125010514 10.000000000000002 0.0
      vertex -3.8196601125010514 10.000000000000002 0.0
    endloop
  endfacet
  facet normal -0.8506508083520398 0.525731112119134 0.0
    outer loop
      vertex -6.180339887498949 6.180339887498949 6.180339887498949
      vertex -10.000000000000002 0.0 -3.8196601125010514
      vertex -10.000000000000002 0.0 3.8196601125010514
    endloop
  endfacet
  facet normal 0.8506508083520397 -0.5257311121191341 0.0
    outer loop
      vertex 6.180339887498949 -6.180339887498949 -6.180339887498949
      vertex 10.000000000000002 0.0 -3.8196601125010514
      vertex 10.000000000000002 0.0 3.8196601125010514
    endloop
  endfacet
  facet normal 0.8506508083520399 -0.5257311121191338 0.0
    outer loop
      vertex 6.180339887498949 -6.180339887498949 -6.180339887498949
      vertex 10.000000000000002 0.0 3.8196601125010514
      vertex 6.180339887498949 -6.180339887498949 6.180339887498949
    endloop
  endfacet
  facet normal 0.0 -0.8506508083520397 0.5257311121191341
    outer loop
      vertex -3.8196601125010514 -10.000000000000002 0.0
      vertex 3.8196601125010514 -10.000000000000002 0.0
      vertex 6.180339887498949 -6.180339887498949 6.180339887498949
    endloop
  endfacet
  facet normal 0.0 -0.8506508083520399 0.5257311121191336
    outer loop
      vertex -3.8196601125010514 -10.000000000000002 0.0
      vertex 6.180339887498949 -6.180339887498949 6.180339887498949
      vertex 0.0 -3.8196601125010514 10.000000000000002
    endloop
  endfacet
  facet normal -0.8506508083520399 -0.5257311121191338 0.0
    outer loop
      vertex -10.000000000000002 0.0 -3.8196601125010514
      vertex -6.180339887498949 -6.180339887498949 -6.180339887498949
      vertex -3.8196601125010514 -10.000000000000002 0.0
    endloop
  endfacet
  facet normal -0.8506508083520399 -0.5257311121191336 0.0
    outer loop
      vertex -10.000000000000002 0.0 -3.8196601125010514
      vertex -3.8196601125010514 -10.000000000000002 0.0
      vertex -6.180339887498949 -6.180339887498949 6.180339887498949
    endloop
  endfacet
  facet normal 0.5257311121191341 0.0 0.8506508083520397
    outer loop
      vertex 0.0 3.8196601125010514 10.000000000000002
      vertex 0.0 -3.8196601125010514 10.000000000000002
      vertex 6.180339887498949 -6.180339887498949 6.180339887498949
    endloop
  endfacet
  facet normal 0.5257311121191336 0.0 0.8506508083520399
    outer loop
      vertex 0.0 3.8196601125010514 10.000000000000002
      vertex 6.180339887498949 -6.180339887498949 6.180339887498949
      vertex 10.000000000000002 0.0 3.8196601125010514
    endloop
  endfacet
  facet normal 0.0 -0.8506508083520399 -0.5257311121191338
    outer loop
      vertex 0.0 -3.8196601125010514 -10.000000000000002
      vertex 6.180339887498949 -6.180339887498949 -6.180339887498949
      vertex 3.8196601125010514 -10.000000000000002 0.0
    endloop
  endfacet
  facet normal 0.0 -0.8506508083520399 -0.5257311121191337
    outer loop
      vertex 0.0 -3.8196601125010514 -10.000000000000002
      vertex 3.8196601125010514 -10.000000000000002 0.0
      vertex -3.8196601125010514 -10.000000000000002 0.0
    endloop
  endfacet
  facet normal -0.5257311121191338 0.0 -0.8506508083520399
    outer loop
      vertex 0.0 -3.8196601125010514 -10.000000000000002
      vertex -6.180339887498949 -6.180339887498949 -6.180339887498949
      vertex -10.000000000000002 0.0 -3.8196601125010514
    endloop
  endfacet
  facet normal -0.5257311121191336 0.0 -0.8506508083520399
    outer loop
      vertex 0.0 -3.8196601125010514 -10.000000000000002
      vertex -10.000000000000002 0.0 -3.8196601125010514
      vertex -6.180339887498949 6.180339887498949 -6.180339887498949
    endloop
  endfacet
  facet normal 0.0 0.8506508083520399 -0.5257311121191338
    outer loop
      vertex 6.180339887498949 6.180339887498949 -6.180339887498949
      vertex 0.0 3.8196601125010514 -10.000000000000002
      vertex -6.180339887498949 6.180339887498949 -6.180339887498949
    endloop
  endfacet
  facet normal 0.0 0.8506508083520399 -0.5257311121191338
    outer loop
      vertex 6.180339887498949 6.180339887498949 -6.180339887498949
      vertex -6.180339887498949 6.180339887498949 -6.180339887498949
      vertex -3.8196601125010514 10.000000000000002 0.0
    endloop
  endfacet
  facet normal 0.8506508083520399 0.5257311121191338 0.0
    outer loop
      vertex 6.180339887498949 6.180339887498949 -6.180339887498949
      vertex 3.8196601125010514 10.000000000000002 0.0
      vertex 6.180339887498949 6.180339887498949 6.180339887498949
    endloop
  endfacet
  facet normal 0.8506508083520399 0.5257311121191338 0.0
    outer loop
      vertex 6.180339887498949 6.180339887498949 -6.180339887498949
      vertex 6.180339887498949 6.180339887498949 6.180339887498949
      vertex 10.000000000000002 0.0 3.8196601125010514
    endloop
  endfacet
  facet normal 0.5257311121191338 0.0 -0.8506508083520399
    outer loop
      vertex 6.180339887498949 6.180339887498949 -6.180339887498949
      vertex 10.000000000000002 0.0 -3.8196601125010514
      vertex 6.180339887498949 -6.180339887498949 -6.180339887498949
    endloop
  endfacet
  facet normal 0.5257311121191338 0.0 -0.8506508083520399
    outer loop
      vertex 6.180339887498949 6.180339887498949 -6.180339887498949
      vertex 6.180339887498949 -6.180339887498949 -6.180339887498949
      vertex 0.0 -3.8196601125010514 -10.000000000000002
    endloop
  endfacet
  facet normal -0.5257311121191338 0.0 0.8506508083520399
    outer loop
      vertex -6.180339887498949 6.180339887498949 6.180339887498949
      vertex -10.000000000000002 0.0 3.8196601125010514
      vertex -6.180339887498949 -6.180339887498949 6.180339887498949
    endloop
  endfacet
  facet normal -0.5257311121191338 0.0 0.8506508083520399
    outer loop
      vertex -6.180339887498949 6.180339887498949 6.180339887498949
      vertex -6.180339887498949 -6.180339887498949 6.180339887498949
      vertex 0.0 -3.8196601125010514 10.000000000000002
    endloop
  endfacet
  facet normal 0.0 0.8506508083520399 0.5257311121191338
    outer loop
      vertex -6.180339887498949 6.180339887498949 6.180339887498949
      vertex 0.0 3.8196601125010514 10.000000000000002
      vertex 6.180339887498949 6.180339887498949 6.180339887498949
    endloop
  endfacet
  facet normal 0.0 0.8506508083520399 0.5257311121191338
    outer loop
      vertex -6.180339887498949 6.180339887498949 6.180339887498949
      vertex 6.180339887498949 6.180339887498949 6.180339887498949
      vertex 3.8196601125010514 10.000000000000002 0.0
    endloop
  endfacet
  facet normal -0.8506508083520399 0.5257311121191338 0.0
    outer loop
      vertex -6.180339887498949 6.180339887498949 6.180339887498949
      vertex -3.8196601125010514 10.000000000000002 0.0
      vertex -6.180339887498949 6.180339887498949 -6.180339887498949
    endloop
  endfacet
  facet normal -0.8506508083520399 0.5257311121191338 0.0
    outer loop
      vertex -6.180339887498949 6.180339887498949 6.180339887498949
      vertex -6.180339887498949 6.180339887498949 -6.180339887498949
      vertex -10.000000000000002 0.0 -3.8196601125010514
    endloop
  endfacet
endsolid v3d.csg
